23
0 8576 2490 7396 10529 1287 10507 8133 6172 2739 4975 2313 3106 9034 1836 7478 5716 3916 4711 1707 6786 3899 2272
8576 0 10236 1652 2693 8015 2671 777 3660 10485 5133 10059 7126 1198 7004 2384 4430 5934 4517 8567 2520 6061 10018
2490 10236 0 9056 12189 2947 12167 9793 7832 1117 6635 691 4766 10694 3496 9138 7376 5576 6371 3367 8446 5559 2062
7396 1652 9056 0 3605 6835 3583 1209 2480 9305 3953 8879 5946 2110 5824 1204 3250 4754 3337 7387 1340 4881 8838
10529 2693 12189 3605 0 9968 1712 2730 5613 12438 7086 12012 9079 2177 8957 4337 6383 7887 6470 10520 4473 8014 11971
1287 8015 2947 6835 9968 0 9946 7572 5611 3196 4414 2770 2545 8473 1275 6917 5155 3355 4150 1278 6225 3338 2729
10507 2671 12167 3583 1712 9946 0 2708 5591 12416 7064 11990 9057 2155 8935 4315 6361 7865 6448 10498 4451 7992 11949
8133 777 9793 1209 2730 7572 2708 0 3217 10042 4690 9616 6683 1235 6561 1941 3987 5491 4074 8124 2077 5618 9575
6172 3660 7832 2480 5613 5611 5591 3217 0 8081 2729 7655 4722 4118 4600 2562 2026 3530 2113 6163 1870 3657 7614
2739 10485 1117 9305 12438 3196 12416 10042 8081 0 6884 526 5015 10943 3745 9387 7625 5825 6620 3616 8695 5808 2311
4975 5133 6635 3953 7086 4414 7064 4690 2729 6884 0 6458 3525 5591 3403 4035 2273 2333 1268 4966 3343 2460 6417
2313 10059 691 8879 12012 2770 11990 9616 7655 526 6458 0 4589 10517 3319 8961 7199 5399 6194 3190 8269 5382 1885
3106 7126 4766 5946 9079 2545 9057 6683 4722 5015 3525 4589 0 7584 1534 6028 4266 2466 3261 3097 5336 2449 4548
9034 1198 10694 2110 2177 8473 2155 1235 4118 10943 5591 10517 7584 0 7462 2842 4888 6392 4975 9025 2978 6519 10476
1836 7004 3496 5824 8957 1275 8935 6561 4600 3745 3403 3319 1534 7462 0 5906 4144 2344 3139 1827 5214 2327 3278
7478 2384 9138 1204 4337 6917 4315 1941 2562 9387 4035 8961 6028 2842 5906 0 3332 4836 3419 7469 1422 4963 8920
5716 4430 7376 3250 6383 5155 6361 3987 2026 7625 2273 7199 4266 4888 4144 3332 0 3074 1657 5707 2640 3201 7158
3916 5934 5576 4754 7887 3355 7865 5491 3530 5825 2333 5399 2466 6392 2344 4836 3074 0 2069 3907 4144 1401 5358
4711 4517 6371 3337 6470 4150 6448 4074 2113 6620 1268 6194 3261 4975 3139 3419 1657 2069 0 4702 2727 2196 6153
1707 8567 3367 7387 10520 1278 10498 8124 6163 3616 4966 3190 3097 9025 1827 7469 5707 3907 4702 0 6777 3890 3149
6786 2520 8446 1340 4473 6225 4451 2077 1870 8695 3343 8269 5336 2978 5214 1422 2640 4144 2727 6777 0 4271 8228
3899 6061 5559 4881 8014 3338 7992 5618 3657 5808 2460 5382 2449 6519 2327 4963 3201 1401 2196 3890 4271 0 5341
2272 10018 2062 8838 11971 2729 11949 9575 7614 2311 6417 1885 4548 10476 3278 8920 7158 5358 6153 3149 8228 5341 0
